71
0.002170812300967301
0.0023948615978353115
0.0026413956811744336
0.002912537210251291
0.003210556295818575
0.003537897941179733
0.0038972157328803444
0.004291296425817083
0.004723147034283353
0.00519590382920026
0.005712913338008484
0.006277604124374738
0.006893601647876783
0.007564534378291349
0.008294119570321185
0.009086055618444965
0.009943915655516226
0.010871086305227175
0.011870652930322181
0.01294525139742702
0.014096898651446222
0.015326802123416455
0.01663514892265588
0.018020803040620814
0.019481136983292596
0.02101163962253954
0.022649885988868943
0.024575118750488484
0.026729226530268275
0.028946288257479354
0.030940412743583175
0.03228292631859747
0.03261221548466039
0.03273192585083075
0.03282868437383439
0.03290220249358497
0.03295225108755351
0.03297866805112633
0.03288115656837528
0.03179334768682662
0.02987621805340174
0.027589914472967186
0.02529752902011629
0.023227578683115275
0.02149417629857065
0.019943657705294725
0.018462409436070363
0.017055009194074783
0.015724263806244133
0.014471522372564815
0.013296858630724316
0.012199326787135282
0.01117714849159276
0.01022789687491206
0.009348651068900933
0.008536183045492826
0.007787018265176581
0.0070975379340903885
0.006464087613016171
0.00588301273720936
0.005350757685359638
0.004863833821896718
0.004418888406924309
0.004012741705736433
0.003642337212482829
0.003304818682058899
0.0029975275972797997
0.002717925099479576
0.002463675633311988
0.0022326315042916055
0.0020227636152405416
